[Info] date / 日期: 2026-08-15 01:34:57
[Info] samples / 樣本: 48 from sample_consecutive/
[Info] codec: zstd -19

frame           unique  ptr bits    palette+z   predictive+z       raw+z
------------------------------------------------------------------------
f000.rgb1      114,507        17    2,955,964      1,413,136   2,363,663
f001.rgb1      114,507        17    2,955,964      1,413,136   2,363,663
f002.rgb1      114,402        17    2,952,281      1,404,279   2,365,621
f003.rgb1      113,420        17    2,955,401      1,407,176   2,365,498
f004.rgb1      112,501        17    2,953,040      1,411,649   2,369,117
f005.rgb1      111,675        17    2,949,146      1,408,227   2,363,761
f006.rgb1      112,060        17    2,946,631      1,408,701   2,362,220
f007.rgb1      112,382        17    2,948,487      1,413,542   2,365,768
f008.rgb1      112,911        17    2,950,369      1,413,471   2,366,868
f009.rgb1      112,923        17    2,949,707      1,413,869   2,368,726
f010.rgb1      113,193        17    2,961,219      1,413,435   2,387,314
f011.rgb1      112,892        17    2,953,289      1,414,252   2,377,827
f012.rgb1      112,855        17    2,954,668      1,415,217   2,378,492
f013.rgb1      112,865        17    2,953,528      1,421,234   2,378,036
f014.rgb1      113,003        17    2,955,765      1,420,200   2,379,441
f015.rgb1      112,882        17    2,957,167      1,423,047   2,380,249
f016.rgb1      112,821        17    2,955,748      1,421,795   2,379,638
f017.rgb1      113,199        17    2,960,124      1,425,855   2,382,125
f018.rgb1      113,451        17    2,960,246      1,425,648   2,383,926
f019.rgb1      113,512        17    2,962,856      1,427,559   2,386,934
f020.rgb1      113,234        17    2,962,566      1,424,229   2,386,095
f021.rgb1      113,023        17    2,962,256      1,425,047   2,382,501
f022.rgb1      112,270        17    2,957,151      1,423,992   2,380,182
f023.rgb1      110,668        17    2,940,210      1,408,096   2,357,538
f024.rgb1      110,997        17    2,938,756      1,405,918   2,357,453
f025.rgb1      113,119        17    2,946,249      1,410,936   2,363,786
f026.rgb1      115,107        17    2,953,989      1,401,257   2,366,798
f027.rgb1      119,211        17    2,970,314      1,406,057   2,378,992
f028.rgb1      118,818        17    2,974,605      1,406,508   2,382,971
f029.rgb1      119,744        17    2,987,615      1,412,354   2,395,550
f030.rgb1      118,637        17    2,987,905      1,416,582   2,399,025
f031.rgb1      117,028        17    2,991,794      1,430,368   2,404,930
f032.rgb1      116,615        17    2,986,057      1,429,445   2,398,870
f033.rgb1      118,273        17    2,997,330      1,421,452   2,406,708
f034.rgb1      118,100        17    2,994,991      1,429,088   2,407,419
f035.rgb1      117,212        17    2,989,581      1,431,275   2,404,523
f036.rgb1      116,768        17    2,984,321      1,422,228   2,403,303
f037.rgb1      115,585        17    2,982,016      1,426,130   2,405,048
f038.rgb1      114,730        17    2,986,144      1,435,637   2,415,077
f039.rgb1      115,429        17    2,989,710      1,430,776   2,420,954
f040.rgb1      115,215        17    3,000,434      1,432,868   2,424,588
f041.rgb1      115,635        17    3,004,346      1,437,098   2,428,534
f042.rgb1      115,551        17    3,007,200      1,437,954   2,429,853
f043.rgb1      115,843        17    3,007,809      1,439,154   2,429,948
f044.rgb1      115,967        17    3,009,189      1,436,886   2,431,816
f045.rgb1      115,547        17    3,009,252      1,441,654   2,430,913
f046.rgb1      115,637        17    3,007,810      1,438,728   2,430,572
f047.rgb1      115,622        17    3,009,073      1,441,584   2,433,741

[OK] 48/48 frames round-tripped losslessly / 影格皆無損還原
[Info] unique colours / 唯一色數: min 110,668 max 119,744 mean 114,616
[Info] pointer width / 指標寬度: 17-17 bits

== Average per frame / 每格平均 ==
arm                                   stored (B)     +zstd (B)    of raw
------------------------------------------------------------------------
raw payload (today)                    6,220,800     2,390,137    38.42%
colour map + pointers                  4,750,251     2,971,464    47.77%
YCoCg-R + MED + planar                 6,220,800     1,421,224    22.85%

== Verdict / 結論 ==
  colour map + pointers        +24.3% vs raw+zstd  (LARGER)
  YCoCg-R + MED + planar       -40.5% vs raw+zstd  (smaller)
  predictive beats palette by 52.2% / 預測式優於調色盤
